
Time: 0.000008
Result: 5 9.290192

Time: 0.000008
Result: 5 9.290192 9 11.420024

Time: 0.000040
Result: 5 9.290192 9 11.420024 15 25.690313
